1005 1001 1006 1000
1000 1002 1004 1001
1007 1008 1002 1007
1002 1000 1009 1002
1003 1007 1009 1007
1003 1005 1001 1002
1001 1008 1000 1005
1000 1007 1008 1008
1006 1009 5073 1003
1002 1006 1005 1001
1001 1004 1001 1006
1001 1007 1009 1002
1007 1001 1001 1008
1000 1002 1001 1009
1002 1006 1002 1003
1004 1002 1006 1001
1002 6667 1002 1000
1006 1005 1009 1001
1004 1005 3274 1008
1000 1007 1007 1000
3374 1001 1009 1006
1002 1002 1006 1000
1003 1009 1005 1008
1001 6826 1001 1002
1000 1009 7650 1002
1004 1001 1001 1000
4978 1009 1001 1007
1000 1007 1008 1008
1005 1007 1009 1001
1004 1007 1009 1002
1008 1007 1008 1008
6500 1007 1009 2062
1004 1001 7877 1002
1006 1000 3477 1009
1004 1006 1004 7973
1000 1009 1003 8274
1003 1005 1006 1005
1007 1006 1001 1001
1006 1004 1009 1001
2283 1006 1005 1007
1004 1000 1009 1005
4091 1008 1002 1005
1008 1003 1005 1000
1003 1001 1002 1009
1007 1005 1009 4114
1002 1004 5708 1000
1004 1002 1007 1006
2944 1006 1008 1000
1009 1009 1001 1000
6974 1005 1001 4806